965
257
8316
8000
23040
994617
117
108864
21504
33792
7500
80949857
1100
4000
29120
276480
76
22
243000
3780
20328
1620
4160
21384
103680
4374
8826131
115200
1323
69984
44928
6840
98
1008
518400
9450
44
14336
4410
22500
22950
181440
448
391
11
31680
916855204
78750
7560
25
5808
34300
2200
614400
88
2352
5760
14560
79548
10560
15840
4312
311040
9425
12768
21952
92160
5625
3528
9216
72
25200
64680
3509575
54600
3510
11085765
468
67500
2100
782
6300
546750
96768
85536
118
29700
128
672
10500
1671
164640
131
517759
98304
10
12800
301056
7785
51840
170100
30720
108000
40950
189
45000
226800
241920
29160
107520
176400
182250
122880
66528
217728
8640
3696
94500
25600
360000
4943
10080
13860
4733
92317161
198450
954158175
87480
40
4560
64
12960
792
2156
1800
172800
12672
23400
5184
15120
85
8960
24300
13824
135000
37
441
7
74
983900459
108
5304
120
2688
998244353
49000
168000
6144
125
202500
39600
998506315
96
697106497
362
98415
8424
31500
5250
59400
1904
99
536870912
33108
11340
3024
999999937
20736
69888
432255
57024
345600
8250
18480
504
409342369
9504
746803744
340200
60
42
52488
38880
69120
72000
7897861
1000000
50400
4158
2560
14112
15
3
75600
24480
37440
49280
49152
29
32076
83160
86
288000
24000
14400
8347
1512
163296
61966
38400
5346
949106497
194241
28512
49
180000
85712697
8100
82
47520
92
393660
123
3645
55296
127
56
999999999
57
3000
123480
235200
127008
5520
3157819
967669583
49896
9000
34
4896
129600
2070
320
115248
272160
34848
1530
473
15680
225792
373248
288
180
306180
7128
16800
20
17550
688978813
6720
2640
5400
10800
16524
163840
430080
2304
48384
9240
5616
95
314928
20000
26460
64800
1632
4539685
35640
486000
805306368
38
70560
9
50544
28800
89100
115
4320
28080
174960
150528
93
576
13500
72576
2340
55
75264
63504
16320
248832
964532929
88704
224
5040
7025
10368
16
91857
31104
48000
331776
4675
207360
34560
655360
1824
1001
48600
15876
66
18720
63360
32
2016
5600
362880
192
144000
4620
24576
2618049
102
3360
552960
161280
49920
79
17
99840
5120
216000
300000
47473
4488
16224
6541551
65610
8372259
65
567
9100
8660
524288
31
42120
6037
24
13440
80
20480
52800
7040
12240
48
587234
60480
64152
7290
153600
9180
3312
93312
85050
106
112000
30030
971866761
621008
16200
3371
25920
589833267
2430
52
14700
364500
6400
28000
524880
10000
922505446
119
62
349920
3564
9900
89
101
6399199
12150
19008
95040
41600
476014
83
2736
7056
51030
116
84579
104976
14256
26
480000
32000
100696425
1701
540
200000
105
126720
70400
22176
2400
9408
6552
50000
58320
63
10752
244944
72900
3375
3264
3120
48510
3168
4725
124416
2940
388800
2250
3960
33750
15288
282791
396
2
368640
92400
4752
96000
8400
33696
1056
29952
23100
196608
2707
194400
56448
4800
13122
125440
27216
546
630
21840
1520
281
3240
23232
2520
71
76800
85881
49392
11016
236250
460800
16380
10710
6075
259200
226151256
184320
5
57344
40824
23115571
105840
46080
31590
209952
82944
33600
34111
47958485
145800
74088
2730
11264
103
6480
25490988
81000
307200
17280
134400
24750
162000
21600
20592
700
42755209
324000
64922375
474
147456
1048576
230400
22680
787320
1960
336000
233280
9409159
33
23328
32670
270000
81648
41580
414720
114688
19800
54880
3584
67584
118263990
17920
26880
120000
73
96228
2310
18240
2000
24696
141120
279936
80640
302400
48238
9600
63180
13
21000
29484
142560
132000
21870
32256
4788
725573
8
4655
63000
653477439
35100
193536
58800
14040
57624
53940
29250
42768
89600
110
70000
90720
466560
68
4
84000
42336
4032
1680
68040
2097152
21383
3864
129
810
169344
12870
4050
69
22464
77
47040
405000
78
12096
70
145152
168960
139968
1848
816
482421315
999999998
78000
491520
65536
5016
124
31200
361
109
1890
245760
18816
633
122877509
1600
346742385
66150
46
84240
864
118800
24192
41472
4173641
786432
35
71805
18
27000
32768
4914
21168
81920
8772
989447237
7776
23760
1764
938017885
94
13230
14
133650
442368
37800
15750
5297
58
4608
36864
136080
21
294912
105600
900
7390
135
8748
1728
3456
70235461
75
53760
5601
6765
45
112896
472392
102060
18432
3600
240000
74880
268800
100800
5073
51
987
322081025
7392
42105
8064
53
641
300
11664
107
25002
61740
408240
44550
4680
12544
52920
59136
375000
19656
40320
8624
58054077
5200
34020
15390
186624
36
113
696
27720
67893369
12000
29400
6930
35503
8448
43200
56160
252000
3900
47628
126
30
457481
17820
2403381
34944
99000
192000
122
11232
5721
49500
38016
40960
221184
50688
934
160
193
11000
1817
19200
204120
5000
54000
432000
90
1260
7920
5657
501
1000000000
16000
47
5940
32640
13056
4536
559
291600
45360
14688
8550
20160
32805
9489
6750
16464
36283838
110250
121
211680
1920
699840
36960
196830
17136
67200
172032
1001604
129024
43680
8087519
31752
15552
39936
157464
105000
150000
22848
912
110592
1944
459270
8320
56700
7389
138240
904152917
957262828
57600
7938
73728
322560
28672
91
44800
60000
201600
8208
97200
104
84
2720
646
1584
216
94770
59
43
132300
323
70200
87
5044
18000
2600
179200
131220
35280
900360029
5767201
13680
395
76032
86016
95256
27456
4480
116640
16128
112
420
4200
54432
2431
12348
673921
155520
813
32400
1215
8976
42000
12288
165888
94080
3072
8015864
17640
38497
1500
1386
961175759
2906162
1440
46464
2376
1134
62208
128000
393216
81
142884
583200
28
2880
33401221
10240
281250
54
19440
510205
2025
1836
67
6804
6
5376
131980
622080
262440
926315427
9800
1615
64512
77760
660
2160
519
30973
7680
215040
981028563
969
86400
79200
1249
9827
5280
665
640
23
43740
986129769
625433749
2592
17424
151200
405
5824
50
30240
97
2268
10260
82268566
27184698
1741
71280
7455307
61440
256000
4704
101250
84480
7296
768
214573
15400
118272
1
111
170
7200
