Case #1: -1
Case #2: 11 31 1 1 1 1 1 1 1 1 1 1
Case #3: 15 27 1 1 1 1 1 1 1 1 1 1 1 1 1 1
Case #4: 13 29 1 1 1 1 1 1 1 1 1 1 1 1
Case #5: -1
Case #6: 23 19 1 1 1 1 1 1 1 1 1 1 1 1 1 1 1 1 1 1 1 1 1 1
Case #7: 8 34 1 1 1 1 1 1 1
Case #8: 12 30 1 1 1 1 1 1 1 1 1 1 1
Case #9: 8 34 1 1 1 1 1 1 1
Case #10: 15 27 1 1 1 1 1 1 1 1 1 1 1 1 1 1
Case #11: -1
Case #12: 17 25 1 1 1 1 1 1 1 1 1 1 1 1 1 1 1 1
Case #13: 17 25 1 1 1 1 1 1 1 1 1 1 1 1 1 1 1 1
Case #14: 5 37 1 1 1 1
Case #15: 6 36 1 1 1 1 1
Case #16: 19 23 1 1 1 1 1 1 1 1 1 1 1 1 1 1 1 1 1 1
Case #17: 29 13 1 1 1 1 1 1 1 1 1 1 1 1 1 1 1 1 1 1 1 1 1 1 1 1 1 1 1 1
Case #18: 6 36 1 1 1 1 1
Case #19: 17 25 1 1 1 1 1 1 1 1 1 1 1 1 1 1 1 1
Case #20: 4 38 1 1 1
Case #21: 21 21 1 1 1 1 1 1 1 1 1 1 1 1 1 1 1 1 1 1 1 1
Case #22: 12 30 1 1 1 1 1 1 1 1 1 1 1
Case #23: 10 32 1 1 1 1 1 1 1 1 1
Case #24: 9 33 1 1 1 1 1 1 1 1
Case #25: 19 23 1 1 1 1 1 1 1 1 1 1 1 1 1 1 1 1 1 1
Case #26: -1
Case #27: 8 34 1 1 1 1 1 1 1
Case #28: 19 23 1 1 1 1 1 1 1 1 1 1 1 1 1 1 1 1 1 1
Case #29: 11 31 1 1 1 1 1 1 1 1 1 1
Case #30: 6 36 1 1 1 1 1
Case #31: 6 36 1 1 1 1 1
Case #32: 26 16 1 1 1 1 1 1 1 1 1 1 1 1 1 1 1 1 1 1 1 1 1 1 1 1 1
Case #33: 21 21 1 1 1 1 1 1 1 1 1 1 1 1 1 1 1 1 1 1 1 1
Case #34: 4 38 1 1 1
Case #35: 14 28 1 1 1 1 1 1 1 1 1 1 1 1 1
Case #36: 27 15 1 1 1 1 1 1 1 1 1 1 1 1 1 1 1 1 1 1 1 1 1 1 1 1 1 1
Case #37: 13 29 1 1 1 1 1 1 1 1 1 1 1 1
Case #38: 15 27 1 1 1 1 1 1 1 1 1 1 1 1 1 1
Case #39: 12 30 1 1 1 1 1 1 1 1 1 1 1
Case #40: 4 38 1 1 1
Case #41: 6 36 1 1 1 1 1
Case #42: 23 19 1 1 1 1 1 1 1 1 1 1 1 1 1 1 1 1 1 1 1 1 1 1
Case #43: 2 40 1
Case #44: 31 11 1 1 1 1 1 1 1 1 1 1 1 1 1 1 1 1 1 1 1 1 1 1 1 1 1 1 1 1 1 1
Case #45: 8 34 1 1 1 1 1 1 1
Case #46: -1
Case #47: 7 35 1 1 1 1 1 1
Case #48: 15 27 1 1 1 1 1 1 1 1 1 1 1 1 1 1
Case #49: 32 10 1 1 1 1 1 1 1 1 1 1 1 1 1 1 1 1 1 1 1 1 1 1 1 1 1 1 1 1 1 1 1
Case #50: 9 33 1 1 1 1 1 1 1 1
Case #51: 7 35 1 1 1 1 1 1
Case #52: 15 27 1 1 1 1 1 1 1 1 1 1 1 1 1 1
Case #53: 3 39 1 1
Case #54: 25 17 1 1 1 1 1 1 1 1 1 1 1 1 1 1 1 1 1 1 1 1 1 1 1 1
Case #55: 17 25 1 1 1 1 1 1 1 1 1 1 1 1 1 1 1 1
Case #56: 17 25 1 1 1 1 1 1 1 1 1 1 1 1 1 1 1 1
Case #57: 7 35 1 1 1 1 1 1
Case #58: -1
Case #59: 11 31 1 1 1 1 1 1 1 1 1 1
Case #60: 10 32 1 1 1 1 1 1 1 1 1
Case #61: 11 31 1 1 1 1 1 1 1 1 1 1
Case #62: 6 36 1 1 1 1 1
Case #63: -1
Case #64: 3 39 1 1
Case #65: 9 33 1 1 1 1 1 1 1 1
Case #66: 9 33 1 1 1 1 1 1 1 1
Case #67: 16 26 1 1 1 1 1 1 1 1 1 1 1 1 1 1 1
Case #68: 16 26 1 1 1 1 1 1 1 1 1 1 1 1 1 1 1
Case #69: 16 26 1 1 1 1 1 1 1 1 1 1 1 1 1 1 1
Case #70: 30 12 1 1 1 1 1 1 1 1 1 1 1 1 1 1 1 1 1 1 1 1 1 1 1 1 1 1 1 1 1
Case #71: 11 31 1 1 1 1 1 1 1 1 1 1
Case #72: 3 39 1 1
Case #73: -1
Case #74: 3 39 1 1
Case #75: 13 29 1 1 1 1 1 1 1 1 1 1 1 1
Case #76: -1
Case #77: 19 23 1 1 1 1 1 1 1 1 1 1 1 1 1 1 1 1 1 1
Case #78: 9 33 1 1 1 1 1 1 1 1
Case #79: 18 24 1 1 1 1 1 1 1 1 1 1 1 1 1 1 1 1 1
Case #80: -1
Case #81: 15 27 1 1 1 1 1 1 1 1 1 1 1 1 1 1
Case #82: 4 38 1 1 1
Case #83: 8 34 1 1 1 1 1 1 1
Case #84: 6 36 1 1 1 1 1
Case #85: -1
Case #86: 8 34 1 1 1 1 1 1 1
Case #87: 28 14 1 1 1 1 1 1 1 1 1 1 1 1 1 1 1 1 1 1 1 1 1 1 1 1 1 1 1
Case #88: 22 20 1 1 1 1 1 1 1 1 1 1 1 1 1 1 1 1 1 1 1 1 1
Case #89: 13 29 1 1 1 1 1 1 1 1 1 1 1 1
Case #90: -1
Case #91: 3 39 1 1
Case #92: -1
Case #93: -1
Case #94: 9 33 1 1 1 1 1 1 1 1
Case #95: 35 7 1 1 1 1 1 1 1 1 1 1 1 1 1 1 1 1 1 1 1 1 1 1 1 1 1 1 1 1 1 1 1 1 1 1
Case #96: 14 28 1 1 1 1 1 1 1 1 1 1 1 1 1
Case #97: 3 39 1 1
Case #98: -1
Case #99: 11 31 1 1 1 1 1 1 1 1 1 1
Case #100: 6 36 1 1 1 1 1
Case #101: 12 30 1 1 1 1 1 1 1 1 1 1 1
Case #102: 8 34 1 1 1 1 1 1 1
Case #103: 4 38 1 1 1
Case #104: 26 16 1 1 1 1 1 1 1 1 1 1 1 1 1 1 1 1 1 1 1 1 1 1 1 1 1
Case #105: 10 32 1 1 1 1 1 1 1 1 1
Case #106: 5 37 1 1 1 1
Case #107: 5 37 1 1 1 1
Case #108: 13 29 1 1 1 1 1 1 1 1 1 1 1 1
Case #109: 7 35 1 1 1 1 1 1
Case #110: 4 38 1 1 1
Case #111: 7 35 1 1 1 1 1 1
Case #112: 8 34 1 1 1 1 1 1 1
Case #113: 5 37 1 1 1 1
Case #114: 6 36 1 1 1 1 1
Case #115: 16 26 1 1 1 1 1 1 1 1 1 1 1 1 1 1 1
Case #116: 13 29 1 1 1 1 1 1 1 1 1 1 1 1
Case #117: 7 35 1 1 1 1 1 1
Case #118: 12 30 1 1 1 1 1 1 1 1 1 1 1
Case #119: 4 38 1 1 1
Case #120: -1
Case #121: 14 28 1 1 1 1 1 1 1 1 1 1 1 1 1
Case #122: 9 33 1 1 1 1 1 1 1 1
Case #123: -1
Case #124: -1
Case #125: 4 38 1 1 1
Case #126: -1
Case #127: 10 32 1 1 1 1 1 1 1 1 1
Case #128: 31 11 1 1 1 1 1 1 1 1 1 1 1 1 1 1 1 1 1 1 1 1 1 1 1 1 1 1 1 1 1 1
Case #129: 7 35 1 1 1 1 1 1
Case #130: 30 12 1 1 1 1 1 1 1 1 1 1 1 1 1 1 1 1 1 1 1 1 1 1 1 1 1 1 1 1 1
Case #131: 15 27 1 1 1 1 1 1 1 1 1 1 1 1 1 1
Case #132: 19 23 1 1 1 1 1 1 1 1 1 1 1 1 1 1 1 1 1 1
Case #133: 13 29 1 1 1 1 1 1 1 1 1 1 1 1
Case #134: 20 22 1 1 1 1 1 1 1 1 1 1 1 1 1 1 1 1 1 1 1
Case #135: 7 35 1 1 1 1 1 1
Case #136: 11 31 1 1 1 1 1 1 1 1 1 1
Case #137: 7 35 1 1 1 1 1 1
Case #138: 18 24 1 1 1 1 1 1 1 1 1 1 1 1 1 1 1 1 1
Case #139: 13 29 1 1 1 1 1 1 1 1 1 1 1 1
Case #140: 20 22 1 1 1 1 1 1 1 1 1 1 1 1 1 1 1 1 1 1 1
Case #141: 14 28 1 1 1 1 1 1 1 1 1 1 1 1 1
Case #142: 13 29 1 1 1 1 1 1 1 1 1 1 1 1
Case #143: 15 27 1 1 1 1 1 1 1 1 1 1 1 1 1 1
Case #144: 7 35 1 1 1 1 1 1
Case #145: 5 37 1 1 1 1
Case #146: 22 20 1 1 1 1 1 1 1 1 1 1 1 1 1 1 1 1 1 1 1 1 1
Case #147: 35 7 1 1 1 1 1 1 1 1 1 1 1 1 1 1 1 1 1 1 1 1 1 1 1 1 1 1 1 1 1 1 1 1 1 1
Case #148: 3 39 1 1
Case #149: -1
Case #150: 29 13 1 1 1 1 1 1 1 1 1 1 1 1 1 1 1 1 1 1 1 1 1 1 1 1 1 1 1 1
Case #151: 3 39 1 1
Case #152: 28 14 1 1 1 1 1 1 1 1 1 1 1 1 1 1 1 1 1 1 1 1 1 1 1 1 1 1 1
Case #153: 18 24 1 1 1 1 1 1 1 1 1 1 1 1 1 1 1 1 1
Case #154: -1
Case #155: 7 35 1 1 1 1 1 1
Case #156: 5 37 1 1 1 1
Case #157: 17 25 1 1 1 1 1 1 1 1 1 1 1 1 1 1 1 1
Case #158: 27 15 1 1 1 1 1 1 1 1 1 1 1 1 1 1 1 1 1 1 1 1 1 1 1 1 1 1
Case #159: 6 36 1 1 1 1 1
Case #160: 7 35 1 1 1 1 1 1
Case #161: -1
Case #162: 29 13 1 1 1 1 1 1 1 1 1 1 1 1 1 1 1 1 1 1 1 1 1 1 1 1 1 1 1 1
Case #163: -1
Case #164: -1
Case #165: 10 32 1 1 1 1 1 1 1 1 1
Case #166: 11 31 1 1 1 1 1 1 1 1 1 1
Case #167: 10 32 1 1 1 1 1 1 1 1 1
Case #168: 15 27 1 1 1 1 1 1 1 1 1 1 1 1 1 1
Case #169: 6 36 1 1 1 1 1
Case #170: 10 32 1 1 1 1 1 1 1 1 1
Case #171: 25 17 1 1 1 1 1 1 1 1 1 1 1 1 1 1 1 1 1 1 1 1 1 1 1 1
Case #172: -1
Case #173: -1
Case #174: 14 28 1 1 1 1 1 1 1 1 1 1 1 1 1
Case #175: 18 24 1 1 1 1 1 1 1 1 1 1 1 1 1 1 1 1 1
Case #176: -1
Case #177: 14 28 1 1 1 1 1 1 1 1 1 1 1 1 1
Case #178: 3 39 1 1
Case #179: -1
Case #180: 7 35 1 1 1 1 1 1
Case #181: 5 37 1 1 1 1
Case #182: 11 31 1 1 1 1 1 1 1 1 1 1
Case #183: 8 34 1 1 1 1 1 1 1
Case #184: 23 19 1 1 1 1 1 1 1 1 1 1 1 1 1 1 1 1 1 1 1 1 1 1
Case #185: -1
Case #186: 12 30 1 1 1 1 1 1 1 1 1 1 1
Case #187: -1
Case #188: 4 38 1 1 1
Case #189: 30 12 1 1 1 1 1 1 1 1 1 1 1 1 1 1 1 1 1 1 1 1 1 1 1 1 1 1 1 1 1
Case #190: 30 12 1 1 1 1 1 1 1 1 1 1 1 1 1 1 1 1 1 1 1 1 1 1 1 1 1 1 1 1 1
Case #191: 12 30 1 1 1 1 1 1 1 1 1 1 1
Case #192: 12 30 1 1 1 1 1 1 1 1 1 1 1
Case #193: 10 32 1 1 1 1 1 1 1 1 1
Case #194: 9 33 1 1 1 1 1 1 1 1
Case #195: -1
Case #196: -1
Case #197: 9 33 1 1 1 1 1 1 1 1
Case #198: 13 29 1 1 1 1 1 1 1 1 1 1 1 1
Case #199: 19 23 1 1 1 1 1 1 1 1 1 1 1 1 1 1 1 1 1 1
Case #200: 12 30 1 1 1 1 1 1 1 1 1 1 1
Case #201: 34 8 1 1 1 1 1 1 1 1 1 1 1 1 1 1 1 1 1 1 1 1 1 1 1 1 1 1 1 1 1 1 1 1 1
Case #202: 39 3 1 1 1 1 1 1 1 1 1 1 1 1 1 1 1 1 1 1 1 1 1 1 1 1 1 1 1 1 1 1 1 1 1 1 1 1 1 1
Case #203: 8 34 1 1 1 1 1 1 1
Case #204: 4 38 1 1 1
Case #205: 6 36 1 1 1 1 1
Case #206: 5 37 1 1 1 1
Case #207: 11 31 1 1 1 1 1 1 1 1 1 1
Case #208: 13 29 1 1 1 1 1 1 1 1 1 1 1 1
Case #209: 9 33 1 1 1 1 1 1 1 1
Case #210: 4 38 1 1 1
Case #211: -1
Case #212: 5 37 1 1 1 1
Case #213: 12 30 1 1 1 1 1 1 1 1 1 1 1
Case #214: 14 28 1 1 1 1 1 1 1 1 1 1 1 1 1
Case #215: -1
Case #216: 20 22 1 1 1 1 1 1 1 1 1 1 1 1 1 1 1 1 1 1 1
Case #217: 7 35 1 1 1 1 1 1
Case #218: -1
Case #219: 11 31 1 1 1 1 1 1 1 1 1 1
Case #220: 14 28 1 1 1 1 1 1 1 1 1 1 1 1 1
Case #221: -1
Case #222: -1
Case #223: 9 33 1 1 1 1 1 1 1 1
Case #224: 28 14 1 1 1 1 1 1 1 1 1 1 1 1 1 1 1 1 1 1 1 1 1 1 1 1 1 1 1
Case #225: 6 36 1 1 1 1 1
Case #226: -1
Case #227: 16 26 1 1 1 1 1 1 1 1 1 1 1 1 1 1 1
Case #228: -1
Case #229: 7 35 1 1 1 1 1 1
Case #230: 15 27 1 1 1 1 1 1 1 1 1 1 1 1 1 1
Case #231: 6 36 1 1 1 1 1
Case #232: -1
Case #233: 19 23 1 1 1 1 1 1 1 1 1 1 1 1 1 1 1 1 1 1
Case #234: 11 31 1 1 1 1 1 1 1 1 1 1
Case #235: -1
Case #236: 29 13 1 1 1 1 1 1 1 1 1 1 1 1 1 1 1 1 1 1 1 1 1 1 1 1 1 1 1 1
Case #237: -1
Case #238: 20 22 1 1 1 1 1 1 1 1 1 1 1 1 1 1 1 1 1 1 1
Case #239: 18 24 1 1 1 1 1 1 1 1 1 1 1 1 1 1 1 1 1
Case #240: 4 38 1 1 1
Case #241: 3 39 1 1
Case #242: 6 36 1 1 1 1 1
Case #243: 3 39 1 1
Case #244: -1
Case #245: -1
Case #246: 6 36 1 1 1 1 1
Case #247: 15 27 1 1 1 1 1 1 1 1 1 1 1 1 1 1
Case #248: 23 19 1 1 1 1 1 1 1 1 1 1 1 1 1 1 1 1 1 1 1 1 1 1
Case #249: 9 33 1 1 1 1 1 1 1 1
Case #250: 8 34 1 1 1 1 1 1 1
Case #251: 6 36 1 1 1 1 1
Case #252: 25 17 1 1 1 1 1 1 1 1 1 1 1 1 1 1 1 1 1 1 1 1 1 1 1 1
Case #253: 3 39 1 1
Case #254: 5 37 1 1 1 1
Case #255: 4 38 1 1 1
Case #256: 12 30 1 1 1 1 1 1 1 1 1 1 1
Case #257: -1
Case #258: 11 31 1 1 1 1 1 1 1 1 1 1
Case #259: 4 38 1 1 1
Case #260: 6 36 1 1 1 1 1
Case #261: 26 16 1 1 1 1 1 1 1 1 1 1 1 1 1 1 1 1 1 1 1 1 1 1 1 1 1
Case #262: 27 15 1 1 1 1 1 1 1 1 1 1 1 1 1 1 1 1 1 1 1 1 1 1 1 1 1 1
Case #263: 5 37 1 1 1 1
Case #264: 13 29 1 1 1 1 1 1 1 1 1 1 1 1
Case #265: 12 30 1 1 1 1 1 1 1 1 1 1 1
Case #266: 33 9 1 1 1 1 1 1 1 1 1 1 1 1 1 1 1 1 1 1 1 1 1 1 1 1 1 1 1 1 1 1 1 1
Case #267: 8 34 1 1 1 1 1 1 1
Case #268: -1
Case #269: 15 27 1 1 1 1 1 1 1 1 1 1 1 1 1 1
Case #270: 15 27 1 1 1 1 1 1 1 1 1 1 1 1 1 1
Case #271: 17 25 1 1 1 1 1 1 1 1 1 1 1 1 1 1 1 1
Case #272: 15 27 1 1 1 1 1 1 1 1 1 1 1 1 1 1
Case #273: 6 36 1 1 1 1 1
Case #274: 7 35 1 1 1 1 1 1
Case #275: 3 39 1 1
Case #276: 20 22 1 1 1 1 1 1 1 1 1 1 1 1 1 1 1 1 1 1 1
Case #277: 10 32 1 1 1 1 1 1 1 1 1
Case #278: 10 32 1 1 1 1 1 1 1 1 1
Case #279: 12 30 1 1 1 1 1 1 1 1 1 1 1
Case #280: 18 24 1 1 1 1 1 1 1 1 1 1 1 1 1 1 1 1 1
Case #281: 7 35 1 1 1 1 1 1
Case #282: 12 30 1 1 1 1 1 1 1 1 1 1 1
Case #283: 10 32 1 1 1 1 1 1 1 1 1
Case #284: 10 32 1 1 1 1 1 1 1 1 1
Case #285: 12 30 1 1 1 1 1 1 1 1 1 1 1
Case #286: -1
Case #287: 8 34 1 1 1 1 1 1 1
Case #288: 4 38 1 1 1
Case #289: -1
Case #290: 21 21 1 1 1 1 1 1 1 1 1 1 1 1 1 1 1 1 1 1 1 1
Case #291: 7 35 1 1 1 1 1 1
Case #292: 36 6 1 1 1 1 1 1 1 1 1 1 1 1 1 1 1 1 1 1 1 1 1 1 1 1 1 1 1 1 1 1 1 1 1 1 1
Case #293: 6 36 1 1 1 1 1
Case #294: 12 30 1 1 1 1 1 1 1 1 1 1 1
Case #295: 5 37 1 1 1 1
Case #296: 14 28 1 1 1 1 1 1 1 1 1 1 1 1 1
Case #297: 18 24 1 1 1 1 1 1 1 1 1 1 1 1 1 1 1 1 1
Case #298: 7 35 1 1 1 1 1 1
Case #299: 8 34 1 1 1 1 1 1 1
Case #300: 5 37 1 1 1 1
Case #301: 8 34 1 1 1 1 1 1 1
Case #302: 24 18 1 1 1 1 1 1 1 1 1 1 1 1 1 1 1 1 1 1 1 1 1 1 1
Case #303: 14 28 1 1 1 1 1 1 1 1 1 1 1 1 1
Case #304: 9 33 1 1 1 1 1 1 1 1
Case #305: 14 28 1 1 1 1 1 1 1 1 1 1 1 1 1
Case #306: 26 16 1 1 1 1 1 1 1 1 1 1 1 1 1 1 1 1 1 1 1 1 1 1 1 1 1
Case #307: 7 35 1 1 1 1 1 1
Case #308: 8 34 1 1 1 1 1 1 1
Case #309: 5 37 1 1 1 1
Case #310: 7 35 1 1 1 1 1 1
Case #311: -1
Case #312: 4 38 1 1 1
Case #313: 25 17 1 1 1 1 1 1 1 1 1 1 1 1 1 1 1 1 1 1 1 1 1 1 1 1
Case #314: 16 26 1 1 1 1 1 1 1 1 1 1 1 1 1 1 1
Case #315: -1
Case #316: 16 26 1 1 1 1 1 1 1 1 1 1 1 1 1 1 1
Case #317: 34 8 1 1 1 1 1 1 1 1 1 1 1 1 1 1 1 1 1 1 1 1 1 1 1 1 1 1 1 1 1 1 1 1 1
Case #318: -1
Case #319: 13 29 1 1 1 1 1 1 1 1 1 1 1 1
Case #320: 10 32 1 1 1 1 1 1 1 1 1
Case #321: 6 36 1 1 1 1 1
Case #322: 4 38 1 1 1
Case #323: 7 35 1 1 1 1 1 1
Case #324: 12 30 1 1 1 1 1 1 1 1 1 1 1
Case #325: 3 39 1 1
Case #326: 10 32 1 1 1 1 1 1 1 1 1
Case #327: 11 31 1 1 1 1 1 1 1 1 1 1
Case #328: 11 31 1 1 1 1 1 1 1 1 1 1
Case #329: 12 30 1 1 1 1 1 1 1 1 1 1 1
Case #330: 26 16 1 1 1 1 1 1 1 1 1 1 1 1 1 1 1 1 1 1 1 1 1 1 1 1 1
Case #331: 8 34 1 1 1 1 1 1 1
Case #332: 6 36 1 1 1 1 1
Case #333: 32 10 1 1 1 1 1 1 1 1 1 1 1 1 1 1 1 1 1 1 1 1 1 1 1 1 1 1 1 1 1 1 1
Case #334: 19 23 1 1 1 1 1 1 1 1 1 1 1 1 1 1 1 1 1 1
Case #335: 15 27 1 1 1 1 1 1 1 1 1 1 1 1 1 1
Case #336: 4 38 1 1 1
Case #337: 27 15 1 1 1 1 1 1 1 1 1 1 1 1 1 1 1 1 1 1 1 1 1 1 1 1 1 1
Case #338: 7 35 1 1 1 1 1 1
Case #339: 12 30 1 1 1 1 1 1 1 1 1 1 1
Case #340: 13 29 1 1 1 1 1 1 1 1 1 1 1 1
Case #341: -1
Case #342: 20 22 1 1 1 1 1 1 1 1 1 1 1 1 1 1 1 1 1 1 1
Case #343: 17 25 1 1 1 1 1 1 1 1 1 1 1 1 1 1 1 1
Case #344: 4 38 1 1 1
Case #345: 6 36 1 1 1 1 1
Case #346: 5 37 1 1 1 1
Case #347: -1
Case #348: 25 17 1 1 1 1 1 1 1 1 1 1 1 1 1 1 1 1 1 1 1 1 1 1 1 1
Case #349: 3 39 1 1
Case #350: 17 25 1 1 1 1 1 1 1 1 1 1 1 1 1 1 1 1
Case #351: 6 36 1 1 1 1 1
Case #352: 4 38 1 1 1
Case #353: -1
Case #354: 5 37 1 1 1 1
Case #355: 3 39 1 1
Case #356: -1
Case #357: 11 31 1 1 1 1 1 1 1 1 1 1
Case #358: -1
Case #359: 24 18 1 1 1 1 1 1 1 1 1 1 1 1 1 1 1 1 1 1 1 1 1 1 1
Case #360: 23 19 1 1 1 1 1 1 1 1 1 1 1 1 1 1 1 1 1 1 1 1 1 1
Case #361: 8 34 1 1 1 1 1 1 1
Case #362: -1
Case #363: 4 38 1 1 1
Case #364: 11 31 1 1 1 1 1 1 1 1 1 1
Case #365: 6 36 1 1 1 1 1
Case #366: -1
Case #367: 33 9 1 1 1 1 1 1 1 1 1 1 1 1 1 1 1 1 1 1 1 1 1 1 1 1 1 1 1 1 1 1 1 1
Case #368: 13 29 1 1 1 1 1 1 1 1 1 1 1 1
Case #369: 29 13 1 1 1 1 1 1 1 1 1 1 1 1 1 1 1 1 1 1 1 1 1 1 1 1 1 1 1 1
Case #370: 13 29 1 1 1 1 1 1 1 1 1 1 1 1
Case #371: 6 36 1 1 1 1 1
Case #372: 12 30 1 1 1 1 1 1 1 1 1 1 1
Case #373: 6 36 1 1 1 1 1
Case #374: 31 11 1 1 1 1 1 1 1 1 1 1 1 1 1 1 1 1 1 1 1 1 1 1 1 1 1 1 1 1 1 1
Case #375: -1
Case #376: 9 33 1 1 1 1 1 1 1 1
Case #377: 7 35 1 1 1 1 1 1
Case #378: 17 25 1 1 1 1 1 1 1 1 1 1 1 1 1 1 1 1
Case #379: 7 35 1 1 1 1 1 1
Case #380: 7 35 1 1 1 1 1 1
Case #381: 5 37 1 1 1 1
Case #382: 10 32 1 1 1 1 1 1 1 1 1
Case #383: 8 34 1 1 1 1 1 1 1
Case #384: -1
Case #385: 6 36 1 1 1 1 1
Case #386: 6 2 3 5 7 11 13
Case #387: -1
Case #388: -1
Case #389: 14 28 1 1 1 1 1 1 1 1 1 1 1 1 1
Case #390: -1
Case #391: 13 29 1 1 1 1 1 1 1 1 1 1 1 1
Case #392: -1
Case #393: 20 22 1 1 1 1 1 1 1 1 1 1 1 1 1 1 1 1 1 1 1
Case #394: 25 17 1 1 1 1 1 1 1 1 1 1 1 1 1 1 1 1 1 1 1 1 1 1 1 1
Case #395: 11 31 1 1 1 1 1 1 1 1 1 1
Case #396: 5 37 1 1 1 1
Case #397: 16 26 1 1 1 1 1 1 1 1 1 1 1 1 1 1 1
Case #398: 10 32 1 1 1 1 1 1 1 1 1
Case #399: 5 37 1 1 1 1
Case #400: 14 28 1 1 1 1 1 1 1 1 1 1 1 1 1
Case #401: -1
Case #402: 18 24 1 1 1 1 1 1 1 1 1 1 1 1 1 1 1 1 1
Case #403: 9 33 1 1 1 1 1 1 1 1
Case #404: 6 36 1 1 1 1 1
Case #405: 15 27 1 1 1 1 1 1 1 1 1 1 1 1 1 1
Case #406: 11 31 1 1 1 1 1 1 1 1 1 1
Case #407: -1
Case #408: -1
Case #409: -1
Case #410: 15 27 1 1 1 1 1 1 1 1 1 1 1 1 1 1
Case #411: 10 32 1 1 1 1 1 1 1 1 1
Case #412: 5 37 1 1 1 1
Case #413: 5 37 1 1 1 1
Case #414: -1
Case #415: -1
Case #416: 9 33 1 1 1 1 1 1 1 1
Case #417: 14 28 1 1 1 1 1 1 1 1 1 1 1 1 1
Case #418: 10 32 1 1 1 1 1 1 1 1 1
Case #419: 9 33 1 1 1 1 1 1 1 1
Case #420: -1
Case #421: 10 32 1 1 1 1 1 1 1 1 1
Case #422: 11 31 1 1 1 1 1 1 1 1 1 1
Case #423: 27 15 1 1 1 1 1 1 1 1 1 1 1 1 1 1 1 1 1 1 1 1 1 1 1 1 1 1
Case #424: 3 39 1 1
Case #425: 11 31 1 1 1 1 1 1 1 1 1 1
Case #426: -1
Case #427: 20 22 1 1 1 1 1 1 1 1 1 1 1 1 1 1 1 1 1 1 1
Case #428: 24 18 1 1 1 1 1 1 1 1 1 1 1 1 1 1 1 1 1 1 1 1 1 1 1
Case #429: 5 37 1 1 1 1
Case #430: 27 15 1 1 1 1 1 1 1 1 1 1 1 1 1 1 1 1 1 1 1 1 1 1 1 1 1 1
Case #431: 4 38 1 1 1
Case #432: 5 37 1 1 1 1
Case #433: 8 34 1 1 1 1 1 1 1
Case #434: 19 23 1 1 1 1 1 1 1 1 1 1 1 1 1 1 1 1 1 1
Case #435: 13 29 1 1 1 1 1 1 1 1 1 1 1 1
Case #436: 10 32 1 1 1 1 1 1 1 1 1
Case #437: 9 33 1 1 1 1 1 1 1 1
Case #438: 11 31 1 1 1 1 1 1 1 1 1 1
Case #439: 29 13 1 1 1 1 1 1 1 1 1 1 1 1 1 1 1 1 1 1 1 1 1 1 1 1 1 1 1 1
Case #440: 14 28 1 1 1 1 1 1 1 1 1 1 1 1 1
Case #441: 6 36 1 1 1 1 1
Case #442: 10 32 1 1 1 1 1 1 1 1 1
Case #443: 18 24 1 1 1 1 1 1 1 1 1 1 1 1 1 1 1 1 1
Case #444: 10 32 1 1 1 1 1 1 1 1 1
Case #445: 13 29 1 1 1 1 1 1 1 1 1 1 1 1
Case #446: 4 38 1 1 1
Case #447: 15 27 1 1 1 1 1 1 1 1 1 1 1 1 1 1
Case #448: 16 26 1 1 1 1 1 1 1 1 1 1 1 1 1 1 1
Case #449: 9 33 1 1 1 1 1 1 1 1
Case #450: 16 26 1 1 1 1 1 1 1 1 1 1 1 1 1 1 1
Case #451: 5 37 1 1 1 1
Case #452: 19 23 1 1 1 1 1 1 1 1 1 1 1 1 1 1 1 1 1 1
Case #453: 14 28 1 1 1 1 1 1 1 1 1 1 1 1 1
Case #454: 11 31 1 1 1 1 1 1 1 1 1 1
Case #455: 6 36 1 1 1 1 1
Case #456: -1
Case #457: 21 21 1 1 1 1 1 1 1 1 1 1 1 1 1 1 1 1 1 1 1 1
Case #458: 40 2 1 1 1 1 1 1 1 1 1 1 1 1 1 1 1 1 1 1 1 1 1 1 1 1 1 1 1 1 1 1 1 1 1 1 1 1 1 1 1
Case #459: 5 37 1 1 1 1
Case #460: 3 39 1 1
Case #461: 14 28 1 1 1 1 1 1 1 1 1 1 1 1 1
Case #462: 8 34 1 1 1 1 1 1 1
Case #463: 14 28 1 1 1 1 1 1 1 1 1 1 1 1 1
Case #464: 7 35 1 1 1 1 1 1
Case #465: 18 24 1 1 1 1 1 1 1 1 1 1 1 1 1 1 1 1 1
Case #466: 7 35 1 1 1 1 1 1
Case #467: 7 35 1 1 1 1 1 1
Case #468: 7 35 1 1 1 1 1 1
Case #469: -1
Case #470: 7 35 1 1 1 1 1 1
Case #471: 8 34 1 1 1 1 1 1 1
Case #472: 17 25 1 1 1 1 1 1 1 1 1 1 1 1 1 1 1 1
Case #473: 16 26 1 1 1 1 1 1 1 1 1 1 1 1 1 1 1
Case #474: 5 37 1 1 1 1
Case #475: 12 30 1 1 1 1 1 1 1 1 1 1 1
Case #476: 17 25 1 1 1 1 1 1 1 1 1 1 1 1 1 1 1 1
Case #477: 22 20 1 1 1 1 1 1 1 1 1 1 1 1 1 1 1 1 1 1 1 1 1
Case #478: 6 36 1 1 1 1 1
Case #479: 10 32 1 1 1 1 1 1 1 1 1
Case #480: -1
Case #481: 19 23 1 1 1 1 1 1 1 1 1 1 1 1 1 1 1 1 1 1
Case #482: 5 37 1 1 1 1
Case #483: 18 24 1 1 1 1 1 1 1 1 1 1 1 1 1 1 1 1 1
Case #484: -1
Case #485: 9 33 1 1 1 1 1 1 1 1
Case #486: -1
Case #487: 7 35 1 1 1 1 1 1
Case #488: 7 35 1 1 1 1 1 1
Case #489: 4 38 1 1 1
Case #490: 4 38 1 1 1
Case #491: 7 35 1 1 1 1 1 1
Case #492: 5 37 1 1 1 1
Case #493: 17 25 1 1 1 1 1 1 1 1 1 1 1 1 1 1 1 1
Case #494: 6 36 1 1 1 1 1
Case #495: -1
Case #496: 7 35 1 1 1 1 1 1
Case #497: 37 5 1 1 1 1 1 1 1 1 1 1 1 1 1 1 1 1 1 1 1 1 1 1 1 1 1 1 1 1 1 1 1 1 1 1 1 1
Case #498: 9 33 1 1 1 1 1 1 1 1
Case #499: 11 31 1 1 1 1 1 1 1 1 1 1
Case #500: -1
Case #501: 6 36 1 1 1 1 1
Case #502: 11 31 1 1 1 1 1 1 1 1 1 1
Case #503: 7 35 1 1 1 1 1 1
Case #504: 8 34 1 1 1 1 1 1 1
Case #505: 10 32 1 1 1 1 1 1 1 1 1
Case #506: 10 32 1 1 1 1 1 1 1 1 1
Case #507: -1
Case #508: -1
Case #509: 8 34 1 1 1 1 1 1 1
Case #510: 6 36 1 1 1 1 1
Case #511: 12 30 1 1 1 1 1 1 1 1 1 1 1
Case #512: 11 31 1 1 1 1 1 1 1 1 1 1
Case #513: -1
Case #514: 17 25 1 1 1 1 1 1 1 1 1 1 1 1 1 1 1 1
Case #515: -1
Case #516: 9 33 1 1 1 1 1 1 1 1
Case #517: 5 37 1 1 1 1
Case #518: 14 28 1 1 1 1 1 1 1 1 1 1 1 1 1
Case #519: 6 36 1 1 1 1 1
Case #520: 8 34 1 1 1 1 1 1 1
Case #521: 7 35 1 1 1 1 1 1
Case #522: 13 29 1 1 1 1 1 1 1 1 1 1 1 1
Case #523: 4 38 1 1 1
Case #524: 21 21 1 1 1 1 1 1 1 1 1 1 1 1 1 1 1 1 1 1 1 1
Case #525: -1
Case #526: 5 37 1 1 1 1
Case #527: -1
Case #528: -1
Case #529: 8 34 1 1 1 1 1 1 1
Case #530: 2 40 1
Case #531: 6 36 1 1 1 1 1
Case #532: 12 30 1 1 1 1 1 1 1 1 1 1 1
Case #533: 4 38 1 1 1
Case #534: 17 25 1 1 1 1 1 1 1 1 1 1 1 1 1 1 1 1
Case #535: 3 39 1 1
Case #536: 7 35 1 1 1 1 1 1
Case #537: -1
Case #538: 28 14 1 1 1 1 1 1 1 1 1 1 1 1 1 1 1 1 1 1 1 1 1 1 1 1 1 1 1
Case #539: 14 28 1 1 1 1 1 1 1 1 1 1 1 1 1
Case #540: 4 38 1 1 1
Case #541: 5 37 1 1 1 1
Case #542: 9 33 1 1 1 1 1 1 1 1
Case #543: 6 36 1 1 1 1 1
Case #544: 5 37 1 1 1 1
Case #545: 7 35 1 1 1 1 1 1
Case #546: 9 33 1 1 1 1 1 1 1 1
Case #547: 6 36 1 1 1 1 1
Case #548: 17 25 1 1 1 1 1 1 1 1 1 1 1 1 1 1 1 1
Case #549: 6 36 1 1 1 1 1
Case #550: -1
Case #551: 12 30 1 1 1 1 1 1 1 1 1 1 1
Case #552: 11 31 1 1 1 1 1 1 1 1 1 1
Case #553: 7 35 1 1 1 1 1 1
Case #554: -1
Case #555: 6 36 1 1 1 1 1
Case #556: 14 28 1 1 1 1 1 1 1 1 1 1 1 1 1
Case #557: 3 39 1 1
Case #558: 19 23 1 1 1 1 1 1 1 1 1 1 1 1 1 1 1 1 1 1
Case #559: 9 33 1 1 1 1 1 1 1 1
Case #560: 5 37 1 1 1 1
Case #561: 7 35 1 1 1 1 1 1
Case #562: 8 34 1 1 1 1 1 1 1
Case #563: 4 38 1 1 1
Case #564: -1
Case #565: 15 27 1 1 1 1 1 1 1 1 1 1 1 1 1 1
Case #566: 5 37 1 1 1 1
Case #567: 29 13 1 1 1 1 1 1 1 1 1 1 1 1 1 1 1 1 1 1 1 1 1 1 1 1 1 1 1 1
Case #568: 11 31 1 1 1 1 1 1 1 1 1 1
Case #569: 6 36 1 1 1 1 1
Case #570: 4 38 1 1 1
Case #571: 3 39 1 1
Case #572: 14 28 1 1 1 1 1 1 1 1 1 1 1 1 1
Case #573: 11 31 1 1 1 1 1 1 1 1 1 1
Case #574: 6 36 1 1 1 1 1
Case #575: -1
Case #576: 36 6 1 1 1 1 1 1 1 1 1 1 1 1 1 1 1 1 1 1 1 1 1 1 1 1 1 1 1 1 1 1 1 1 1 1 1
Case #577: 4 38 1 1 1
Case #578: 8 34 1 1 1 1 1 1 1
Case #579: -1
Case #580: 6 36 1 1 1 1 1
Case #581: 6 36 1 1 1 1 1
Case #582: 7 35 1 1 1 1 1 1
Case #583: 9 33 1 1 1 1 1 1 1 1
Case #584: 5 37 1 1 1 1
Case #585: -1
Case #586: 6 36 1 1 1 1 1
Case #587: 8 34 1 1 1 1 1 1 1
Case #588: 7 35 1 1 1 1 1 1
Case #589: 24 18 1 1 1 1 1 1 1 1 1 1 1 1 1 1 1 1 1 1 1 1 1 1 1
Case #590: 7 35 1 1 1 1 1 1
Case #591: 8 34 1 1 1 1 1 1 1
Case #592: 5 37 1 1 1 1
Case #593: 21 21 1 1 1 1 1 1 1 1 1 1 1 1 1 1 1 1 1 1 1 1
Case #594: 38 4 1 1 1 1 1 1 1 1 1 1 1 1 1 1 1 1 1 1 1 1 1 1 1 1 1 1 1 1 1 1 1 1 1 1 1 1 1
Case #595: 7 35 1 1 1 1 1 1
Case #596: 9 33 1 1 1 1 1 1 1 1
Case #597: 17 25 1 1 1 1 1 1 1 1 1 1 1 1 1 1 1 1
Case #598: 19 23 1 1 1 1 1 1 1 1 1 1 1 1 1 1 1 1 1 1
Case #599: 9 33 1 1 1 1 1 1 1 1
Case #600: -1
Case #601: -1
Case #602: 3 39 1 1
Case #603: -1
Case #604: 23 19 1 1 1 1 1 1 1 1 1 1 1 1 1 1 1 1 1 1 1 1 1 1
Case #605: 5 37 1 1 1 1
Case #606: 5 37 1 1 1 1
Case #607: 18 24 1 1 1 1 1 1 1 1 1 1 1 1 1 1 1 1 1
Case #608: 16 26 1 1 1 1 1 1 1 1 1 1 1 1 1 1 1
Case #609: 8 34 1 1 1 1 1 1 1
Case #610: 24 18 1 1 1 1 1 1 1 1 1 1 1 1 1 1 1 1 1 1 1 1 1 1 1
Case #611: 8 34 1 1 1 1 1 1 1
Case #612: 4 38 1 1 1
Case #613: 24 18 1 1 1 1 1 1 1 1 1 1 1 1 1 1 1 1 1 1 1 1 1 1 1
Case #614: 14 28 1 1 1 1 1 1 1 1 1 1 1 1 1
Case #615: 28 14 1 1 1 1 1 1 1 1 1 1 1 1 1 1 1 1 1 1 1 1 1 1 1 1 1 1 1
Case #616: 7 35 1 1 1 1 1 1
Case #617: 3 39 1 1
Case #618: 9 33 1 1 1 1 1 1 1 1
Case #619: 15 27 1 1 1 1 1 1 1 1 1 1 1 1 1 1
Case #620: 14 28 1 1 1 1 1 1 1 1 1 1 1 1 1
Case #621: -1
Case #622: -1
Case #623: 3 39 1 1
Case #624: 4 38 1 1 1
Case #625: 10 32 1 1 1 1 1 1 1 1 1
Case #626: 3 39 1 1
Case #627: 7 35 1 1 1 1 1 1
Case #628: 6 36 1 1 1 1 1
Case #629: 4 38 1 1 1
Case #630: -1
Case #631: 19 23 1 1 1 1 1 1 1 1 1 1 1 1 1 1 1 1 1 1
Case #632: 6 36 1 1 1 1 1
Case #633: 11 31 1 1 1 1 1 1 1 1 1 1
Case #634: -1
Case #635: -1
Case #636: 20 22 1 1 1 1 1 1 1 1 1 1 1 1 1 1 1 1 1 1 1
Case #637: -1
Case #638: 7 35 1 1 1 1 1 1
Case #639: 17 25 1 1 1 1 1 1 1 1 1 1 1 1 1 1 1 1
Case #640: 4 38 1 1 1
Case #641: 23 19 1 1 1 1 1 1 1 1 1 1 1 1 1 1 1 1 1 1 1 1 1 1
Case #642: 4 38 1 1 1
Case #643: 12 30 1 1 1 1 1 1 1 1 1 1 1
Case #644: 12 30 1 1 1 1 1 1 1 1 1 1 1
Case #645: -1
Case #646: 3 39 1 1
Case #647: 30 12 1 1 1 1 1 1 1 1 1 1 1 1 1 1 1 1 1 1 1 1 1 1 1 1 1 1 1 1 1
Case #648: -1
Case #649: 34 8 1 1 1 1 1 1 1 1 1 1 1 1 1 1 1 1 1 1 1 1 1 1 1 1 1 1 1 1 1 1 1 1 1
Case #650: 12 30 1 1 1 1 1 1 1 1 1 1 1
Case #651: 12 30 1 1 1 1 1 1 1 1 1 1 1
Case #652: 11 31 1 1 1 1 1 1 1 1 1 1
Case #653: 11 31 1 1 1 1 1 1 1 1 1 1
Case #654: 9 33 1 1 1 1 1 1 1 1
Case #655: -1
Case #656: -1
Case #657: 17 25 1 1 1 1 1 1 1 1 1 1 1 1 1 1 1 1
Case #658: 9 33 1 1 1 1 1 1 1 1
Case #659: 18 24 1 1 1 1 1 1 1 1 1 1 1 1 1 1 1 1 1
Case #660: -1
Case #661: -1
Case #662: 12 30 1 1 1 1 1 1 1 1 1 1 1
Case #663: 33 9 1 1 1 1 1 1 1 1 1 1 1 1 1 1 1 1 1 1 1 1 1 1 1 1 1 1 1 1 1 1 1 1
Case #664: 4 38 1 1 1
Case #665: 5 37 1 1 1 1
Case #666: 10 32 1 1 1 1 1 1 1 1 1
Case #667: 12 30 1 1 1 1 1 1 1 1 1 1 1
Case #668: -1
Case #669: 11 31 1 1 1 1 1 1 1 1 1 1
Case #670: 18 24 1 1 1 1 1 1 1 1 1 1 1 1 1 1 1 1 1
Case #671: 12 30 1 1 1 1 1 1 1 1 1 1 1
Case #672: 7 35 1 1 1 1 1 1
Case #673: 32 10 1 1 1 1 1 1 1 1 1 1 1 1 1 1 1 1 1 1 1 1 1 1 1 1 1 1 1 1 1 1 1
Case #674: 6 36 1 1 1 1 1
Case #675: 4 38 1 1 1
Case #676: 22 20 1 1 1 1 1 1 1 1 1 1 1 1 1 1 1 1 1 1 1 1 1
Case #677: -1
Case #678: 28 14 1 1 1 1 1 1 1 1 1 1 1 1 1 1 1 1 1 1 1 1 1 1 1 1 1 1 1
Case #679: 17 25 1 1 1 1 1 1 1 1 1 1 1 1 1 1 1 1
Case #680: 21 21 1 1 1 1 1 1 1 1 1 1 1 1 1 1 1 1 1 1 1 1
Case #681: 19 23 1 1 1 1 1 1 1 1 1 1 1 1 1 1 1 1 1 1
Case #682: -1
Case #683: 29 13 1 1 1 1 1 1 1 1 1 1 1 1 1 1 1 1 1 1 1 1 1 1 1 1 1 1 1 1
Case #684: 9 33 1 1 1 1 1 1 1 1
Case #685: -1
Case #686: -1
Case #687: 31 11 1 1 1 1 1 1 1 1 1 1 1 1 1 1 1 1 1 1 1 1 1 1 1 1 1 1 1 1 1 1
Case #688: 6 36 1 1 1 1 1
Case #689: 6 36 1 1 1 1 1
Case #690: 8 34 1 1 1 1 1 1 1
Case #691: 14 28 1 1 1 1 1 1 1 1 1 1 1 1 1
Case #692: 18 24 1 1 1 1 1 1 1 1 1 1 1 1 1 1 1 1 1
Case #693: 5 37 1 1 1 1
Case #694: 4 38 1 1 1
Case #695: 4 38 1 1 1
Case #696: 7 35 1 1 1 1 1 1
Case #697: -1
Case #698: 22 20 1 1 1 1 1 1 1 1 1 1 1 1 1 1 1 1 1 1 1 1 1
Case #699: -1
Case #700: -1
Case #701: 11 31 1 1 1 1 1 1 1 1 1 1
Case #702: -1
Case #703: 15 27 1 1 1 1 1 1 1 1 1 1 1 1 1 1
Case #704: -1
Case #705: -1
Case #706: 25 17 1 1 1 1 1 1 1 1 1 1 1 1 1 1 1 1 1 1 1 1 1 1 1 1
Case #707: 16 26 1 1 1 1 1 1 1 1 1 1 1 1 1 1 1
Case #708: -1
Case #709: -1
Case #710: 6 36 1 1 1 1 1
Case #711: 4 38 1 1 1
Case #712: 7 35 1 1 1 1 1 1
Case #713: 12 30 1 1 1 1 1 1 1 1 1 1 1
Case #714: 12 30 1 1 1 1 1 1 1 1 1 1 1
Case #715: 8 34 1 1 1 1 1 1 1
Case #716: 5 37 1 1 1 1
Case #717: 3 39 1 1
Case #718: 7 35 1 1 1 1 1 1
Case #719: 10 32 1 1 1 1 1 1 1 1 1
Case #720: 9 33 1 1 1 1 1 1 1 1
Case #721: -1
Case #722: 11 31 1 1 1 1 1 1 1 1 1 1
Case #723: 11 31 1 1 1 1 1 1 1 1 1 1
Case #724: 4 38 1 1 1
Case #725: 8 34 1 1 1 1 1 1 1
Case #726: 32 10 1 1 1 1 1 1 1 1 1 1 1 1 1 1 1 1 1 1 1 1 1 1 1 1 1 1 1 1 1 1 1
Case #727: -1
Case #728: 4 38 1 1 1
Case #729: 7 35 1 1 1 1 1 1
Case #730: -1
Case #731: 14 28 1 1 1 1 1 1 1 1 1 1 1 1 1
Case #732: 9 33 1 1 1 1 1 1 1 1
Case #733: 11 31 1 1 1 1 1 1 1 1 1 1
Case #734: -1
Case #735: 12 30 1 1 1 1 1 1 1 1 1 1 1
Case #736: 11 31 1 1 1 1 1 1 1 1 1 1
Case #737: 5 37 1 1 1 1
Case #738: 4 38 1 1 1
Case #739: 12 30 1 1 1 1 1 1 1 1 1 1 1
Case #740: 9 33 1 1 1 1 1 1 1 1
Case #741: 27 15 1 1 1 1 1 1 1 1 1 1 1 1 1 1 1 1 1 1 1 1 1 1 1 1 1 1
Case #742: 32 10 1 1 1 1 1 1 1 1 1 1 1 1 1 1 1 1 1 1 1 1 1 1 1 1 1 1 1 1 1 1 1
Case #743: -1
Case #744: 10 32 1 1 1 1 1 1 1 1 1
Case #745: -1
Case #746: 5 37 1 1 1 1
Case #747: 4 38 1 1 1
Case #748: 6 36 1 1 1 1 1
Case #749: -1
Case #750: 10 32 1 1 1 1 1 1 1 1 1
Case #751: -1
Case #752: 6 36 1 1 1 1 1
Case #753: 8 34 1 1 1 1 1 1 1
Case #754: 11 31 1 1 1 1 1 1 1 1 1 1
Case #755: 7 35 1 1 1 1 1 1
Case #756: 7 35 1 1 1 1 1 1
Case #757: -1
Case #758: 27 15 1 1 1 1 1 1 1 1 1 1 1 1 1 1 1 1 1 1 1 1 1 1 1 1 1 1
Case #759: -1
Case #760: 10 32 1 1 1 1 1 1 1 1 1
Case #761: -1
Case #762: 13 29 1 1 1 1 1 1 1 1 1 1 1 1
Case #763: 6 36 1 1 1 1 1
Case #764: 16 26 1 1 1 1 1 1 1 1 1 1 1 1 1 1 1
Case #765: 10 32 1 1 1 1 1 1 1 1 1
Case #766: 4 38 1 1 1
Case #767: 29 13 1 1 1 1 1 1 1 1 1 1 1 1 1 1 1 1 1 1 1 1 1 1 1 1 1 1 1 1
Case #768: 20 22 1 1 1 1 1 1 1 1 1 1 1 1 1 1 1 1 1 1 1
Case #769: 12 30 1 1 1 1 1 1 1 1 1 1 1
Case #770: -1
Case #771: -1
Case #772: -1
Case #773: 13 29 1 1 1 1 1 1 1 1 1 1 1 1
Case #774: -1
Case #775: 13 29 1 1 1 1 1 1 1 1 1 1 1 1
Case #776: 3 39 1 1
Case #777: 6 36 1 1 1 1 1
Case #778: 17 25 1 1 1 1 1 1 1 1 1 1 1 1 1 1 1 1
Case #779: -1
Case #780: 6 36 1 1 1 1 1
Case #781: 10 32 1 1 1 1 1 1 1 1 1
Case #782: 6 36 1 1 1 1 1
Case #783: 5 37 1 1 1 1
Case #784: 12 30 1 1 1 1 1 1 1 1 1 1 1
Case #785: 13 29 1 1 1 1 1 1 1 1 1 1 1 1
Case #786: -1
Case #787: 16 26 1 1 1 1 1 1 1 1 1 1 1 1 1 1 1
Case #788: 10 32 1 1 1 1 1 1 1 1 1
Case #789: -1
Case #790: 5 37 1 1 1 1
Case #791: 20 22 1 1 1 1 1 1 1 1 1 1 1 1 1 1 1 1 1 1 1
Case #792: 4 38 1 1 1
Case #793: 20 22 1 1 1 1 1 1 1 1 1 1 1 1 1 1 1 1 1 1 1
Case #794: 4 38 1 1 1
Case #795: 6 36 1 1 1 1 1
Case #796: 8 34 1 1 1 1 1 1 1
Case #797: 4 38 1 1 1
Case #798: 8 34 1 1 1 1 1 1 1
Case #799: 6 36 1 1 1 1 1
Case #800: -1
Case #801: 7 35 1 1 1 1 1 1
Case #802: 4 38 1 1 1
Case #803: -1
Case #804: 10 32 1 1 1 1 1 1 1 1 1
Case #805: 15 27 1 1 1 1 1 1 1 1 1 1 1 1 1 1
Case #806: 6 36 1 1 1 1 1
Case #807: 9 33 1 1 1 1 1 1 1 1
Case #808: 6 36 1 1 1 1 1
Case #809: 6 36 1 1 1 1 1
Case #810: 3 39 1 1
Case #811: 12 30 1 1 1 1 1 1 1 1 1 1 1
Case #812: 9 33 1 1 1 1 1 1 1 1
Case #813: 21 21 1 1 1 1 1 1 1 1 1 1 1 1 1 1 1 1 1 1 1 1
Case #814: 4 38 1 1 1
Case #815: 10 32 1 1 1 1 1 1 1 1 1
Case #816: 9 33 1 1 1 1 1 1 1 1
Case #817: -1
Case #818: 8 34 1 1 1 1 1 1 1
Case #819: -1
Case #820: -1
Case #821: 10 32 1 1 1 1 1 1 1 1 1
Case #822: 14 28 1 1 1 1 1 1 1 1 1 1 1 1 1
Case #823: 10 32 1 1 1 1 1 1 1 1 1
Case #824: 4 38 1 1 1
Case #825: 11 31 1 1 1 1 1 1 1 1 1 1
Case #826: 22 20 1 1 1 1 1 1 1 1 1 1 1 1 1 1 1 1 1 1 1 1 1
Case #827: 9 33 1 1 1 1 1 1 1 1
Case #828: 9 33 1 1 1 1 1 1 1 1
Case #829: 5 37 1 1 1 1
Case #830: 6 36 1 1 1 1 1
Case #831: 9 33 1 1 1 1 1 1 1 1
Case #832: 23 19 1 1 1 1 1 1 1 1 1 1 1 1 1 1 1 1 1 1 1 1 1 1
Case #833: 28 14 1 1 1 1 1 1 1 1 1 1 1 1 1 1 1 1 1 1 1 1 1 1 1 1 1 1 1
Case #834: 10 32 1 1 1 1 1 1 1 1 1
Case #835: 4 38 1 1 1
Case #836: 17 25 1 1 1 1 1 1 1 1 1 1 1 1 1 1 1 1
Case #837: 27 15 1 1 1 1 1 1 1 1 1 1 1 1 1 1 1 1 1 1 1 1 1 1 1 1 1 1
Case #838: 4 38 1 1 1
Case #839: -1
Case #840: -1
Case #841: 5 37 1 1 1 1
Case #842: 6 36 1 1 1 1 1
Case #843: 4 38 1 1 1
Case #844: 10 32 1 1 1 1 1 1 1 1 1
Case #845: -1
Case #846: 13 29 1 1 1 1 1 1 1 1 1 1 1 1
Case #847: 13 29 1 1 1 1 1 1 1 1 1 1 1 1
Case #848: 5 37 1 1 1 1
Case #849: 9 33 1 1 1 1 1 1 1 1
Case #850: 9 33 1 1 1 1 1 1 1 1
Case #851: -1
Case #852: -1
Case #853: 4 38 1 1 1
Case #854: -1
Case #855: 6 36 1 1 1 1 1
Case #856: 8 34 1 1 1 1 1 1 1
Case #857: 7 35 1 1 1 1 1 1
Case #858: 3 39 1 1
Case #859: 16 26 1 1 1 1 1 1 1 1 1 1 1 1 1 1 1
Case #860: 9 33 1 1 1 1 1 1 1 1
Case #861: 13 29 1 1 1 1 1 1 1 1 1 1 1 1
Case #862: 27 15 1 1 1 1 1 1 1 1 1 1 1 1 1 1 1 1 1 1 1 1 1 1 1 1 1 1
Case #863: 23 19 1 1 1 1 1 1 1 1 1 1 1 1 1 1 1 1 1 1 1 1 1 1
Case #864: 16 26 1 1 1 1 1 1 1 1 1 1 1 1 1 1 1
Case #865: 10 32 1 1 1 1 1 1 1 1 1
Case #866: 3 11 13 17
Case #867: 11 31 1 1 1 1 1 1 1 1 1 1
Case #868: -1
Case #869: 8 34 1 1 1 1 1 1 1
Case #870: -1
Case #871: 12 30 1 1 1 1 1 1 1 1 1 1 1
Case #872: 22 20 1 1 1 1 1 1 1 1 1 1 1 1 1 1 1 1 1 1 1 1 1
Case #873: 3 39 1 1
Case #874: 9 33 1 1 1 1 1 1 1 1
Case #875: 15 27 1 1 1 1 1 1 1 1 1 1 1 1 1 1
Case #876: 8 34 1 1 1 1 1 1 1
Case #877: 6 36 1 1 1 1 1
Case #878: 19 23 1 1 1 1 1 1 1 1 1 1 1 1 1 1 1 1 1 1
Case #879: -1
Case #880: 11 31 1 1 1 1 1 1 1 1 1 1
Case #881: -1
Case #882: 20 22 1 1 1 1 1 1 1 1 1 1 1 1 1 1 1 1 1 1 1
Case #883: 16 26 1 1 1 1 1 1 1 1 1 1 1 1 1 1 1
Case #884: -1
Case #885: -1
Case #886: 21 21 1 1 1 1 1 1 1 1 1 1 1 1 1 1 1 1 1 1 1 1
Case #887: 3 39 1 1
Case #888: 16 26 1 1 1 1 1 1 1 1 1 1 1 1 1 1 1
Case #889: 21 21 1 1 1 1 1 1 1 1 1 1 1 1 1 1 1 1 1 1 1 1
Case #890: 11 31 1 1 1 1 1 1 1 1 1 1
Case #891: 7 35 1 1 1 1 1 1
Case #892: 5 37 1 1 1 1
Case #893: 30 12 1 1 1 1 1 1 1 1 1 1 1 1 1 1 1 1 1 1 1 1 1 1 1 1 1 1 1 1 1
Case #894: 6 36 1 1 1 1 1
Case #895: 4 38 1 1 1
Case #896: 31 11 1 1 1 1 1 1 1 1 1 1 1 1 1 1 1 1 1 1 1 1 1 1 1 1 1 1 1 1 1 1
Case #897: 19 23 1 1 1 1 1 1 1 1 1 1 1 1 1 1 1 1 1 1
Case #898: -1
Case #899: 15 27 1 1 1 1 1 1 1 1 1 1 1 1 1 1
Case #900: 4 38 1 1 1
Case #901: 31 11 1 1 1 1 1 1 1 1 1 1 1 1 1 1 1 1 1 1 1 1 1 1 1 1 1 1 1 1 1 1
Case #902: 14 28 1 1 1 1 1 1 1 1 1 1 1 1 1
Case #903: -1
Case #904: 20 22 1 1 1 1 1 1 1 1 1 1 1 1 1 1 1 1 1 1 1
Case #905: 12 30 1 1 1 1 1 1 1 1 1 1 1
Case #906: -1
Case #907: 16 26 1 1 1 1 1 1 1 1 1 1 1 1 1 1 1
Case #908: 37 5 1 1 1 1 1 1 1 1 1 1 1 1 1 1 1 1 1 1 1 1 1 1 1 1 1 1 1 1 1 1 1 1 1 1 1 1
Case #909: 16 26 1 1 1 1 1 1 1 1 1 1 1 1 1 1 1
Case #910: -1
Case #911: 4 38 1 1 1
Case #912: 7 35 1 1 1 1 1 1
Case #913: -1
Case #914: 12 30 1 1 1 1 1 1 1 1 1 1 1
Case #915: 3 5 17 19
Case #916: 9 33 1 1 1 1 1 1 1 1
Case #917: 10 32 1 1 1 1 1 1 1 1 1
Case #918: 19 23 1 1 1 1 1 1 1 1 1 1 1 1 1 1 1 1 1 1
Case #919: 20 22 1 1 1 1 1 1 1 1 1 1 1 1 1 1 1 1 1 1 1
Case #920: -1
Case #921: -1
Case #922: 16 26 1 1 1 1 1 1 1 1 1 1 1 1 1 1 1
Case #923: 5 37 1 1 1 1
Case #924: -1
Case #925: 3 39 1 1
Case #926: 9 33 1 1 1 1 1 1 1 1
Case #927: 5 37 1 1 1 1
Case #928: -1
Case #929: -1
Case #930: 13 29 1 1 1 1 1 1 1 1 1 1 1 1
Case #931: 11 31 1 1 1 1 1 1 1 1 1 1
Case #932: 23 19 1 1 1 1 1 1 1 1 1 1 1 1 1 1 1 1 1 1 1 1 1 1
Case #933: 19 23 1 1 1 1 1 1 1 1 1 1 1 1 1 1 1 1 1 1
Case #934: 12 30 1 1 1 1 1 1 1 1 1 1 1
Case #935: -1
Case #936: -1
Case #937: 20 22 1 1 1 1 1 1 1 1 1 1 1 1 1 1 1 1 1 1 1
Case #938: 6 36 1 1 1 1 1
Case #939: 6 36 1 1 1 1 1
Case #940: 25 17 1 1 1 1 1 1 1 1 1 1 1 1 1 1 1 1 1 1 1 1 1 1 1 1
Case #941: 10 32 1 1 1 1 1 1 1 1 1
Case #942: 30 12 1 1 1 1 1 1 1 1 1 1 1 1 1 1 1 1 1 1 1 1 1 1 1 1 1 1 1 1 1
Case #943: 11 31 1 1 1 1 1 1 1 1 1 1
Case #944: -1
Case #945: 19 23 1 1 1 1 1 1 1 1 1 1 1 1 1 1 1 1 1 1
Case #946: 5 37 1 1 1 1
Case #947: -1
Case #948: -1
Case #949: -1
Case #950: 6 36 1 1 1 1 1
Case #951: -1
Case #952: 10 32 1 1 1 1 1 1 1 1 1
Case #953: 5 37 1 1 1 1
Case #954: 15 27 1 1 1 1 1 1 1 1 1 1 1 1 1 1
Case #955: 8 34 1 1 1 1 1 1 1
Case #956: 5 37 1 1 1 1
Case #957: 6 36 1 1 1 1 1
Case #958: 23 19 1 1 1 1 1 1 1 1 1 1 1 1 1 1 1 1 1 1 1 1 1 1
Case #959: -1
Case #960: 8 34 1 1 1 1 1 1 1
Case #961: 3 39 1 1
Case #962: 41 1 1 1 1 1 1 1 1 1 1 1 1 1 1 1 1 1 1 1 1 1 1 1 1 1 1 1 1 1 1 1 1 1 1 1 1 1 1 1 1 1
Case #963: 2 40 1
Case #964: 18 24 1 1 1 1 1 1 1 1 1 1 1 1 1 1 1 1 1
Case #965: 16 26 1 1 1 1 1 1 1 1 1 1 1 1 1 1 1
